EEG Dataset Details
==============================
Dataset shape: (40, 250)
Sampling frequency: 250 Hz
Classes: ['IMAGINE_LEFT', 'IMAGINE_RIGHT', 'MENTAL_MATH', 'REST']
Class counts: {'IMAGINE_LEFT': 10, 'IMAGINE_RIGHT': 10, 'MENTAL_MATH': 10, 'REST': 10}

First 5 samples:
Sample 1: REST - [1855.0, 1845.0, 1841.0, 1840.0, 1834.0, 1806.0, 1991.0, 2257.0, 2286.0, 1978.0, 1810.0, 1985.0, 2235.0, 2256.0, 1958.0, 1793.0, 1978.0, 2243.0, 2259.0, 1966.0, 1810.0, 1987.0, 2255.0, 2285.0, 1991.0, 1834.0, 2000.0, 2257.0, 2283.0, 1993.0, 1831.0, 1994.0, 2255.0, 2290.0, 1994.0, 1840.0, 2011.0, 2258.0, 2298.0, 2026.0, 1863.0, 2029.0, 2275.0, 2295.0, 2015.0, 1866.0, 2027.0, 2263.0, 2286.0, 2000.0, 1854.0, 1998.0, 2239.0, 2271.0, 2000.0, 1855.0, 2013.0, 2255.0, 2286.0, 2013.0, 1854.0, 2005.0, 2242.0, 2279.0, 2014.0, 1873.0, 2032.0, 2262.0, 2298.0, 2057.0, 1903.0, 2034.0, 2256.0, 2290.0, 2033.0, 1883.0, 2043.0, 2281.0, 2311.0, 2074.0, 1930.0, 2067.0, 2270.0, 2297.0, 2058.0, 1910.0, 2043.0, 2255.0, 2288.0, 2045.0, 1910.0, 2034.0, 2239.0, 2263.0, 2032.0, 1911.0, 2032.0, 2230.0, 2257.0, 2030.0, 1909.0, 2016.0, 2211.0, 2251.0, 2031.0, 1904.0, 2019.0, 2209.0, 2250.0, 2046.0, 1923.0, 2036.0, 2220.0, 2256.0, 2060.0, 1942.0, 2043.0, 2233.0, 2275.0, 2092.0, 1963.0, 2077.0, 2259.0, 2310.0, 2123.0, 1997.0, 2099.0, 2265.0, 2306.0, 2111.0, 1981.0, 2095.0, 2268.0, 2309.0, 2105.0, 1975.0, 2076.0, 2253.0, 2286.0, 2080.0, 1959.0, 2065.0, 2253.0, 2285.0, 2086.0, 1959.0, 2064.0, 2240.0, 2267.0, 2064.0, 1930.0, 2036.0, 2223.0, 2256.0, 2064.0, 1939.0, 2063.0, 2234.0, 2276.0, 2077.0, 1945.0, 2071.0, 2252.0, 2288.0, 2096.0, 1969.0, 2087.0, 2261.0, 2288.0, 2074.0, 1968.0, 2061.0, 2239.0, 2271.0, 2065.0, 1941.0, 2063.0, 2239.0, 2272.0, 2073.0, 1936.0, 2047.0, 2253.0, 2288.0, 2074.0, 1950.0, 2064.0, 2251.0, 2265.0, 2061.0, 1959.0, 2087.0, 2282.0, 2298.0, 2083.0, 1953.0, 2076.0, 2271.0, 2288.0, 2080.0, 1954.0, 2087.0, 2289.0, 2299.0, 2069.0, 1949.0, 2083.0, 2273.0, 2295.0, 2064.0, 1937.0, 2081.0, 2279.0, 2306.0, 2077.0, 1954.0, 2087.0, 2294.0, 2308.0, 2070.0, 1947.0, 2093.0, 2291.0, 2305.0, 2063.0, 1932.0, 2068.0, 2280.0, 2289.0, 2046.0, 1921.0, 2073.0, 2290.0, 2297.0, 2043.0, 1917.0, 2070.0, 2301.0, 2306.0, 2061.0, 1921.0, 2075.0, 2293.0, 2298.0, 2047.0, 1914.0, 2064.0, 2287.0, 2291.0, 2032.0]
Sample 2: REST - [1906.0, 2061.0, 2281.0, 2289.0, 2031.0, 1904.0, 2064.0, 2287.0, 2290.0, 2027.0, 1904.0, 2047.0, 2285.0, 2287.0, 2027.0, 1917.0, 2064.0, 2290.0, 2288.0, 2027.0, 1904.0, 2047.0, 2277.0, 2279.0, 2023.0, 1905.0, 2064.0, 2283.0, 2279.0, 2032.0, 1899.0, 2053.0, 2278.0, 2273.0, 2002.0, 1887.0, 2037.0, 2256.0, 2261.0, 2002.0, 1889.0, 2045.0, 2285.0, 2287.0, 2027.0, 1911.0, 2064.0, 2284.0, 2288.0, 2026.0, 1904.0, 2064.0, 2288.0, 2274.0, 2002.0, 1895.0, 2047.0, 2282.0, 2266.0, 1995.0, 1878.0, 2032.0, 2279.0, 2271.0, 1995.0, 1870.0, 2041.0, 2288.0, 2282.0, 2007.0, 1875.0, 2043.0, 2303.0, 2286.0, 1994.0, 1869.0, 2043.0, 2299.0, 2286.0, 1989.0, 1872.0, 2047.0, 2311.0, 2279.0, 1983.0, 1865.0, 2042.0, 2297.0, 2274.0, 1964.0, 1830.0, 2001.0, 2262.0, 2242.0, 1951.0, 1829.0, 2012.0, 2276.0, 2251.0, 1952.0, 1825.0, 2017.0, 2275.0, 2239.0, 1939.0, 1830.0, 2009.0, 2277.0, 2256.0, 1949.0, 1829.0, 2011.0, 2283.0, 2256.0, 1951.0, 1838.0, 2026.0, 2282.0, 2256.0, 1943.0, 1826.0, 2005.0, 2269.0, 2245.0, 1955.0, 1847.0, 2033.0, 2285.0, 2263.0, 1960.0, 1847.0, 2026.0, 2293.0, 2266.0, 1970.0, 1840.0, 2026.0, 2288.0, 2250.0, 1942.0, 1825.0, 2009.0, 2268.0, 2241.0, 1941.0, 1828.0, 2010.0, 2272.0, 2246.0, 1952.0, 1840.0, 2026.0, 2288.0, 2253.0, 1954.0, 1834.0, 2011.0, 2278.0, 2233.0, 1924.0, 1807.0, 1997.0, 2269.0, 2224.0, 1923.0, 1810.0, 1999.0, 2262.0, 2212.0, 1909.0, 1787.0, 1995.0, 2257.0, 2211.0, 1900.0, 1791.0, 1969.0, 2234.0, 2199.0, 1898.0, 1795.0, 1984.0, 2262.0, 2224.0, 1935.0, 1824.0, 2025.0, 2294.0, 2250.0, 1939.0, 1815.0, 2001.0, 2270.0, 2225.0, 1923.0, 1807.0, 1997.0, 2263.0, 2224.0, 1915.0, 1805.0, 2000.0, 2267.0, 2219.0, 1910.0, 1812.0, 2003.0, 2267.0, 2227.0, 1932.0, 1842.0, 2009.0, 2275.0, 2223.0, 1919.0, 1811.0, 1986.0, 2243.0, 2186.0, 1883.0, 1781.0, 1968.0, 2234.0, 2183.0, 1876.0, 1770.0, 1957.0, 2226.0, 2179.0, 1879.0, 1774.0, 1959.0, 2226.0, 2183.0, 1891.0, 1776.0, 1974.0, 2234.0, 2182.0, 1877.0, 1776.0, 1958.0, 2218.0, 2167.0, 1868.0, 1766.0, 1952.0, 2215.0, 2163.0, 1872.0]
Sample 3: REST - [1763.0, 1950.0, 2201.0, 2154.0, 1871.0, 1758.0, 1949.0, 2214.0, 2177.0, 1896.0, 1795.0, 1985.0, 2247.0, 2192.0, 1899.0, 1787.0, 1966.0, 2213.0, 2166.0, 1872.0, 1775.0, 1955.0, 2218.0, 2161.0, 1875.0, 1776.0, 1952.0, 2209.0, 2154.0, 1866.0, 1760.0, 1941.0, 2197.0, 2143.0, 1845.0, 1751.0, 1934.0, 2183.0, 2128.0, 1849.0, 1756.0, 1931.0, 2189.0, 2139.0, 1846.0, 1744.0, 1930.0, 2177.0, 2130.0, 1850.0, 1750.0, 1925.0, 2187.0, 2141.0, 1861.0, 1744.0, 1932.0, 2176.0, 2127.0, 1845.0, 1742.0, 1923.0, 2174.0, 2119.0, 1840.0, 1747.0, 1924.0, 2175.0, 2123.0, 1838.0, 1754.0, 1923.0, 2179.0, 2127.0, 1840.0, 1755.0, 1937.0, 2187.0, 2129.0, 1845.0, 1764.0, 1936.0, 2192.0, 2134.0, 1855.0, 1776.0, 1949.0, 2192.0, 2139.0, 1854.0, 1771.0, 1946.0, 2195.0, 2142.0, 1849.0, 1754.0, 1934.0, 2190.0, 2128.0, 1841.0, 1745.0, 1920.0, 2175.0, 2112.0, 1825.0, 1731.0, 1901.0, 2143.0, 2085.0, 1823.0, 1734.0, 1915.0, 2174.0, 2123.0, 1840.0, 1738.0, 1930.0, 2173.0, 2134.0, 1826.0, 1715.0, 1904.0, 2176.0, 2119.0, 1828.0, 1728.0, 1913.0, 2171.0, 2108.0, 1815.0, 1725.0, 1902.0, 2148.0, 2077.0, 1782.0, 1697.0, 1868.0, 2128.0, 2064.0, 1776.0, 1680.0, 1856.0, 2103.0, 2034.0, 1753.0, 1659.0, 1840.0, 2094.0, 2025.0, 1747.0, 1655.0, 1829.0, 2068.0, 2002.0, 1738.0, 1638.0, 1817.0, 2064.0, 1993.0, 1727.0, 1643.0, 1820.0, 2071.0, 2003.0, 1731.0, 1648.0, 1826.0, 2075.0, 2000.0, 1728.0, 1648.0, 1823.0, 2074.0, 2007.0, 1743.0, 1654.0, 1827.0, 2067.0, 1995.0, 1722.0, 1626.0, 1797.0, 2044.0, 1963.0, 1698.0, 1597.0, 1769.0, 2017.0, 1961.0, 1709.0, 1571.0, 1759.0, 1989.0, 1936.0, 1695.0, 1625.0, 1807.0, 2032.0, 1922.0, 1633.0, 1514.0, 1701.0, 1975.0, 1952.0, 1667.0, 1584.0, 1764.0, 2007.0, 1922.0, 1637.0, 1535.0, 1744.0, 1984.0, 1906.0, 1627.0, 1535.0, 1723.0, 1979.0, 1899.0, 1625.0, 1533.0, 1730.0, 1999.0, 1927.0, 1662.0, 1586.0, 1770.0, 2021.0, 1943.0, 1667.0, 1585.0, 1767.0, 2015.0, 1938.0, 1654.0, 1582.0, 1772.0, 2032.0, 1941.0, 1663.0, 1590.0, 1792.0, 2047.0, 1959.0, 1675.0, 1593.0, 1781.0, 2038.0, 1953.0, 1677.0]
Sample 4: REST - [1601.0, 1793.0, 2042.0, 1946.0, 1659.0, 1586.0, 1781.0, 2046.0, 1954.0, 1659.0, 1577.0, 1759.0, 2032.0, 1931.0, 1630.0, 1535.0, 1740.0, 2005.0, 1903.0, 1613.0, 1535.0, 1749.0, 2026.0, 1921.0, 1626.0, 1535.0, 1747.0, 2022.0, 1921.0, 1634.0, 1563.0, 1781.0, 2059.0, 1950.0, 1655.0, 1582.0, 1787.0, 2041.0, 1933.0, 1648.0, 1572.0, 1775.0, 2039.0, 1943.0, 1647.0, 1583.0, 1779.0, 2047.0, 1938.0, 1646.0, 1577.0, 1770.0, 2017.0, 1909.0, 1633.0, 1567.0, 1763.0, 2023.0, 1926.0, 1644.0, 1566.0, 1761.0, 2027.0, 1923.0, 1642.0, 1568.0, 1751.0, 2006.0, 1902.0, 1609.0, 1527.0, 1725.0, 1984.0, 1889.0, 1601.0, 1534.0, 1729.0, 1985.0, 1879.0, 1598.0, 1534.0, 1727.0, 1991.0, 1887.0, 1594.0, 1523.0, 1723.0, 1981.0, 1879.0, 1584.0, 1509.0, 1712.0, 1985.0, 1883.0, 1600.0, 1525.0, 1728.0, 1991.0, 1885.0, 1595.0, 1531.0, 1743.0, 2003.0, 1895.0, 1600.0, 1526.0, 1730.0, 1990.0, 1872.0, 1585.0, 1511.0, 1712.0, 1969.0, 1854.0, 1561.0, 1488.0, 1691.0, 1947.0, 1839.0, 1554.0, 1489.0, 1693.0, 1953.0, 1851.0, 1573.0, 1509.0, 1709.0, 1967.0, 1855.0, 1579.0, 1522.0, 1724.0, 1972.0, 1872.0, 1584.0, 1520.0, 1713.0, 1974.0, 1863.0, 1584.0, 1520.0, 1712.0, 1966.0, 1850.0, 1571.0, 1509.0, 1707.0, 1962.0, 1853.0, 1582.0, 1518.0, 1713.0, 1968.0, 1847.0, 1558.0, 1488.0, 1680.0, 1925.0, 1810.0, 1535.0, 1482.0, 1680.0, 1938.0, 1831.0, 1535.0, 1488.0, 1683.0, 1953.0, 1838.0, 1535.0, 1493.0, 1691.0, 1953.0, 1840.0, 1555.0, 1520.0, 1699.0, 1953.0, 1834.0, 1535.0, 1491.0, 1687.0, 1939.0, 1815.0, 1532.0, 1499.0, 1702.0, 1967.0, 1842.0, 1570.0, 1514.0, 1708.0, 1964.0, 1841.0, 1567.0, 1513.0, 1698.0, 1953.0, 1838.0, 1535.0, 1499.0, 1698.0, 1952.0, 1839.0, 1535.0, 1493.0, 1696.0, 1957.0, 1835.0, 1535.0, 1493.0, 1691.0, 1941.0, 1810.0, 1523.0, 1487.0, 1683.0, 1930.0, 1801.0, 1516.0, 1465.0, 1671.0, 1929.0, 1794.0, 1506.0, 1463.0, 1677.0, 1939.0, 1815.0, 1534.0, 1488.0, 1696.0, 1955.0, 1825.0, 1532.0, 1489.0, 1690.0, 1951.0, 1823.0, 1527.0, 1489.0, 1692.0, 1946.0, 1811.0, 1522.0, 1481.0, 1683.0, 1942.0, 1811.0, 1517.0]
Sample 5: REST - [1487.0, 1693.0, 1953.0, 1830.0, 1535.0, 1491.0, 1694.0, 1946.0, 1808.0, 1507.0, 1458.0, 1661.0, 1917.0, 1776.0, 1486.0, 1437.0, 1634.0, 1882.0, 1757.0, 1467.0, 1435.0, 1646.0, 1898.0, 1789.0, 1503.0, 1463.0, 1665.0, 1919.0, 1770.0, 1475.0, 1429.0, 1625.0, 1885.0, 1744.0, 1458.0, 1419.0, 1614.0, 1872.0, 1743.0, 1442.0, 1406.0, 1611.0, 1871.0, 1739.0, 1450.0, 1409.0, 1607.0, 1865.0, 1731.0, 1450.0, 1412.0, 1616.0, 1872.0, 1741.0, 1450.0, 1421.0, 1620.0, 1881.0, 1744.0, 1456.0, 1421.0, 1619.0, 1875.0, 1728.0, 1443.0, 1415.0, 1619.0, 1878.0, 1740.0, 1452.0, 1421.0, 1632.0, 1891.0, 1751.0, 1469.0, 1437.0, 1622.0, 1877.0, 1741.0, 1445.0, 1414.0, 1610.0, 1858.0, 1718.0, 1436.0, 1406.0, 1614.0, 1872.0, 1731.0, 1454.0, 1423.0, 1626.0, 1879.0, 1755.0, 1477.0, 1450.0, 1655.0, 1908.0, 1770.0, 1470.0, 1436.0, 1634.0, 1892.0, 1764.0, 1475.0, 1443.0, 1645.0, 1901.0, 1749.0, 1450.0, 1407.0, 1607.0, 1860.0, 1712.0, 1431.0, 1403.0, 1615.0, 1878.0, 1741.0, 1455.0, 1420.0, 1616.0, 1867.0, 1718.0, 1427.0, 1409.0, 1616.0, 1872.0, 1718.0, 1423.0, 1392.0, 1586.0, 1842.0, 1684.0, 1399.0, 1379.0, 1585.0, 1850.0, 1693.0, 1397.0, 1379.0, 1584.0, 1834.0, 1674.0, 1380.0, 1359.0, 1567.0, 1831.0, 1671.0, 1380.0, 1360.0, 1575.0, 1841.0, 1683.0, 1392.0, 1375.0, 1584.0, 1840.0, 1678.0, 1392.0, 1360.0, 1564.0, 1817.0, 1675.0, 1387.0, 1372.0, 1598.0, 1835.0, 1679.0, 1392.0, 1347.0, 1559.0, 1808.0, 1646.0, 1360.0, 1349.0, 1535.0, 1803.0, 1635.0, 1347.0, 1334.0, 1535.0, 1806.0, 1658.0, 1369.0, 1359.0, 1565.0, 1818.0, 1665.0, 1393.0, 1360.0, 1570.0, 1819.0, 1653.0, 1359.0, 1339.0, 1535.0, 1796.0, 1635.0, 1360.0, 1355.0, 1535.0, 1826.0, 1653.0, 1355.0, 1341.0, 1556.0, 1806.0, 1641.0, 1355.0, 1343.0, 1555.0, 1813.0, 1648.0, 1360.0, 1350.0, 1557.0, 1811.0, 1653.0, 1363.0, 1353.0, 1535.0, 1803.0, 1639.0, 1338.0, 1327.0, 1520.0, 1774.0, 1618.0, 1345.0, 1339.0, 1535.0, 1794.0, 1630.0, 1348.0, 1333.0, 1529.0, 1789.0, 1623.0, 1345.0, 1341.0, 1535.0, 1796.0, 1629.0, 1344.0, 1335.0, 1531.0, 1793.0, 1623.0, 1349.0]
